GaCo01_01[0.6722347978217985, 0.7747520092712268, 0.5300188632241462, 0.5655175192552417]
GaCo02_01[0.6714551133394246, 0.8100451058157954, 0.5314717702184562, 0.5823264629413168]
GaCo02_02[0.6895232515454316, 0.8009984793851918, 0.5498928997928763, 0.5513843360975997]
GaCo03_01[0.6652679806970989, 0.8068137923937435, 0.5869998688329509, 0.6239936115913043]
GaCo03_02[0.6898138819474301, 0.8135523730085418, 0.5572886905000001, 0.6031254919933411]
GaCo04_01[0.7957535568243885, 0.7666088100690817, 0.6220566805164508, 0.5552611953083324]
GaCo04_02[0.8037887885295205, 0.7995170300630109, 0.6196129215527605, 0.5774161501337471]
GaCo05_01[0.7332361151258922, 0.7545645921024859, 0.6151004368378153, 0.5234679602760337]
GaCo05_02[0.7429943008592158, 0.7974461566317591, 0.6409088394878623, 0.5715013217376593]
GaCo06_01[0.7440362944761032, 0.810585152988966, 0.5488513601224596, 0.6159009055287422]
GaCo06_02[0.7033892174245081, 0.7730265154380083, 0.5296540889008526, 0.5614778087000716]
GaCo07_01[0.7062540326980785, 0.8229654340805023, 0.5804478052631847, 0.629012436885202]
GaCo07_02[0.6695626441370023, 0.7163557083396819, 0.4391376252298812, 0.5248118973523567]
GaCo08_01[0.619331301522001, 0.7727651838681301, 0.42470568817195975, 0.5567294774472384]
GaCo08_02[0.6475433257186025, 0.7869797350249876, 0.4394751585529104, 0.5528308955878851]
GaCo09_01[0.6951587215445548, 0.7879354003273971, 0.4847115506586485, 0.5863753737866878]
GaCo09_02[0.6999399042014584, 0.8059723781756943, 0.4437660203222822, 0.6248338106023348]
GaCo10_01[0.7188629445996343, 0.7885363703531629, 0.5166586296658232, 0.5790361520915931]
GaCo10_02[0.7187317987104044, 0.7943737701741777, 0.5320910754440511, 0.6087286605378927]
GaCo11_01[0.7028099952055186, 0.7826836736226144, 0.5503762207382334, 0.5137778748038309]
GaCo12_01[0.6668583547702536, 0.7871430621451057, 0.5181130873041139, 0.5059162771862088]
GaCo13_01[0.7241894042699836, 0.8162524119793441, 0.4768591493027934, 0.6174410951760874]
GaCo13_02[0.7195334704808328, 0.7970145686058375, 0.415621167087311, 0.5764749784625149]
GaCo14_01[0.7232700704193169, 0.8143273045513028, 0.4832563505110909, 0.5930179145468337]
GaCo14_02[0.7659128880236609, 0.8721965599366304, 0.5185450273651109, 0.7047374038006864]
GaCo15_01[0.7136336686977356, 0.8120875060396207, 0.3772026580111866, 0.6012617983829688]
GaCo15_02[0.6924640166456135, 0.7169905442500876, 0.3533650252658142, 0.49903464018525384]
GaCo16_01[0.6792213970375032, 0.8253454257694286, 0.5386695648155497, 0.6035271557465736]
GaCo16_02[0.6982265914195517, 0.821325492039372, 0.557431630901344, 0.579339395286857]
GaCo17_01[0.5994602853337735, 0.7347958506543939, 0.4534481589101533, 0.4816396127385654]
GaCo17_02[0.6686853834753856, 0.7611117921222756, 0.5004394711479778, 0.48507507033105096]
GaCo22_01[0.7686339544463509, 0.8122545044529986, 0.5697194783722364, 0.5464827620433159]
GaPt03_01[0.5677955073422744, 0.6528435286987402, 0.457906769540055, 0.4337205495244263]
GaPt04_01[0.605947422013881, 0.6829518230072853, 0.5252282752765387, 0.3846107866785513]
GaPt05_01[0.620676708807167, 0.756170858072805, 0.467998574303155, 0.564651019332487]
GaPt06_01[0.47336295267071193, 0.7225908167026984, 0.471726194091662, 0.45312637660925387]
GaPt07_01[0.6410406562087694, 0.6699336032462194, 0.5082733556783487, 0.439405485408517]
GaPt07_02[0.7153092353925917, 0.7404669286545759, 0.6097453353296127, 0.5528240775505588]
GaPt08_01[0.6052462604571428, 0.727975151814932, 0.46796216148618447, 0.5155024364505926]
GaPt08_02[0.7028481639900177, 0.8282875942471691, 0.5584115726831652, 0.648309555044741]
GaPt09_01[0.8889829760021639, 0.8104073635849737, 0.944487114091682, 0.9917909726661654]
GaPt09_02[0.6524736332649151, 0.7699485294145786, 0.3483542235524395, 0.5192719817370496]
GaPt12_01[0.7336578994077233, 0.7978640004495307, 0.5931231359560603, 0.6168328070474423]
GaPt12_02[0.9098944336376832, 0.9035338396461209, 0.8716967031830613, 0.859919509979066]
GaPt13_01[0.5129299213991783, 0.735531312857773, 0.3969693582660084, 0.49056684491739017]
GaPt13_02[0.5308751128586445, 0.7641629108150568, 0.4379010614087127, 0.5318881113304252]
GaPt14_01[0.7456993639936929, 0.8379509006872571, 0.5453671716388224, 0.6217647965740487]
GaPt14_02[0.7488350999064876, 0.8167426013404274, 0.471311764595609, 0.5782307727208116]
GaPt15_01[0.6541496392447285, 0.7993909997830738, 0.4640740901396156, 0.5304773183255684]
GaPt15_02[0.6801628591664054, 0.8172489021756627, 0.5358090950454922, 0.5760744904178865]
GaPt16_01[0.7176116581472676, 0.8182124713279462, 0.5558604965221543, 0.5909430992433679]
GaPt16_02[0.7201467302287382, 0.8334747658065974, 0.5888444061956811, 0.5917015426427867]
GaPt17_01[0.6258552536427041, 0.7389231296818688, 0.5314926218928742, 0.46364911653429397]
GaPt17_02[0.6446010579889262, 0.7387988869356317, 0.5161112559077554, 0.4666550523682296]
GaPt18_01[0.6446010579889262, 0.7387988869356317, 0.5161112559077554, 0.4666550523682296]
GaPt18_02[0.7500624775834009, 0.7973336745235251, 0.5948313803659726, 0.5592898323230656]
GaPt19_01[0.5335051320965757, 0.7019534450831737, 0.4441081443200592, 0.3000787762738165]
GaPt19_02[0.5262327592505145, 0.6717221153480335, 0.4263261367552462, 0.3524620902586507]
GaPt20_01[0.6275913001191069, 0.6943696923959781, 0.427461889980323, 0.41542414297801245]
GaPt20_02[0.7260492751734081, 0.7727831929006592, 0.4902885565193363, 0.5378527838444587]
GaPt21_01[0.7004103220573656, 0.8200794944739951, 0.5469821260109299, 0.6212383693551714]
GaPt21_02[0.6647109980233036, 0.7800648364937769, 0.47049747601982933, 0.5477345748139654]
GaPt22_01[0.5057473804965481, 0.7363523495484409, 0.47523732357023196, 0.5398050445208771]
GaPt22_02[0.6002427812161001, 0.7559122251624961, 0.5502915308392107, 0.5569745934189895]
GaPt23_01[0.5982065084411833, 0.5128146631973216, 0.4191997449112018, 0.5274888817087375]
GaPt23_02[0.5499205194729643, 0.46999449328768517, 0.3210518863203699, 0.43680846679338464]
GaPt24_01[0.7683302564474014, 0.8455732363108989, 0.6291406801414701, 0.6597857818725483]
GaPt24_02[0.8088952098188703, 0.849903995766477, 0.6238368894700815, 0.6657246564757242]
GaPt25_01[0.7926119913572051, 0.7731964735454417, 0.6695999312850217, 0.5036631550547955]
GaPt25_02[0.8108396221885827, 0.7914120719124035, 0.6536816554363215, 0.5261537531488619]
GaPt26_01[0.7695241477305895, 0.8063691151084081, 0.5706829889555497, 0.5991266674300056]
GaPt26_02[0.7442452687703363, 0.765110281795827, 0.5328150521290335, 0.5419518166177016]
GaPt27_01[0.7602972230167775, 0.8438996034200382, 0.5832790752076386, 0.6103637706757721]
GaPt27_02[0.7359110901490951, 0.8144972241596311, 0.5935574124177952, 0.5470155185525969]
GaPt28_01[0.7494701060649683, 0.8072864440768003, 0.5284797982129518, 0.49298757706562135]
GaPt28_02[0.7855815360547452, 0.8279417400507999, 0.5271012752772926, 0.45735347237314505]
GaPt29_01[0.7824556501573267, 0.7710094180451019, 0.6205289145367935, 0.4735908487598376]
GaPt29_02[0.8246474214894146, 0.8439361128685229, 0.6360766942255899, 0.5807163275424655]
GaPt30_01[0.7277204829122229, 0.790896052091899, 0.47393936030045863, 0.5715035148480683]
GaPt30_02[0.7608499844855375, 0.8212973306330722, 0.5361086142747169, 0.6155422893624023]
GaPt31_01[0.6293302756696275, 0.7533407031728806, 0.4477481117927115, 0.47829920790116826]
GaPt31_02[0.6965993740118052, 0.7928384161201661, 0.48342852933655595, 0.5292143263502335]
GaPt32_01[0.7674076830986631, 0.8096026079584501, 0.4607848680869772, 0.5047023792613836]
GaPt32_02[0.7102773128538503, 0.745404720225762, 0.41015745306276874, 0.3937342404721671]
GaPt33_01[0.6785154087720792, 0.6793934385564347, 0.5893560761121572, 0.4168487353651064]
GaPt33_02[0.7264161682440612, 0.7402864738590604, 0.6287525614102739, 0.4886643590127298]
JuCo01_01[0.9494226232385606, 0.8952972775781087, 0.7830809848083797, 0.8901118678464593]
JuCo02_01[0.863187170351384, 0.9353109366541453, 0.9176107717185173, 0.7375574813829979]
JuCo03_01[0.869204914664553, 0.7568100103112545, 1.3502605684452271, 1.7716647726832562]
JuCo04_01[0.6630829721167905, 0.7890853840604836, 0.46699246444599535, 0.5015517938698]
JuCo05_01[0.6879325673972997, 0.763676712688851, 0.5734054045540694, 0.5421280771627367]
JuCo06_01[0.6982581817143367, 0.7987828779646197, 0.5555416207635675, 0.5484747384337729]
JuCo07_01[0.739211159888703, 0.8244085043541858, 0.5355997889948602, 0.5450162916427493]
JuCo08_01[0.680336003409245, 0.7993190308576924, 0.5935261696997048, 0.6045816861618878]
JuCo09_01[0.7834432341176757, 0.8058373458210929, 0.6195171404711813, 0.5989775078881514]
JuCo11_01[0.7443024596229378, 0.7981767871140617, 0.5421688496483512, 0.5848969028912185]
JuCo12_01[0.7185514769361963, 0.8010755686616144, 0.5131969819634578, 0.581112764611013]
JuCo13_01[0.6828820663388051, 0.7910850103058785, 0.639199990698484, 0.6469650507165549]
JuCo14_01[0.8040705062098742, 0.8680369622913577, 0.5888836574428538, 0.6791967105435173]
JuCo15_01[0.7326097978147549, 0.8177644545134938, 0.5323667011423051, 0.6389169623281451]
JuCo16_01[0.7684851246865689, 0.8314093510127815, 0.6140220698096492, 0.5927514904208615]
JuCo17_01[0.750852889528661, 0.8682551866061086, 0.44117173389275954, 0.6041246188452434]
JuCo18_01[0.6806894295080931, 0.786994146904565, 0.4991019463547368, 0.5341399142861651]
JuCo19_01[0.6577583664370588, 0.7155426910042407, 0.46260693358931854, 0.5066579495735068]
JuCo20_01[0.6632780355029191, 0.7598308127878177, 0.5962649630521643, 0.48991061365683575]
JuCo21_01[0.9655290615318702, 0.8465139308083145, 0.8907215016858957, 0.8742981493821758]
JuCo22_01[0.6211101594706799, 0.7250484158792383, 0.5211853112486445, 0.4818974084713871]
JuCo23_01[0.6773977134289775, 0.7580300038061518, 0.5555043562996057, 0.5608800826939098]
JuCo24_01[0.8058230530068958, 0.8478983554465999, 0.6054141262035856, 0.62309816391217]
JuCo25_01[0.7005141594690123, 0.7993513115769698, 0.5295400988123996, 0.6078027377343267]
JuCo26_01[0.7595596003297528, 0.8070605212894699, 0.4533007967216395, 0.6052207549722964]
JuPt01_01[0.7595596003297528, 0.8070605212894699, 0.4533007967216395, 0.6052207549722964]
JuPt01_02[0.96661799839479, 0.8757564731139795, 0.786423214004498, 0.9150452670257037]
JuPt01_03[0.4985255519669219, 0.7562687745660042, 0.5070297276818801, 0.4367264250626299]
JuPt01_04[0.5448785860438847, 0.7767163832314905, 0.4224201478791283, 0.5215100586841838]
JuPt01_05[0.5329440077705849, 0.793126574418792, 0.4410230276513627, 0.5581069624992541]
JuPt01_06[0.4339796310669268, 0.7755024202846333, 0.47409903266735554, 0.5080185871780715]
JuPt02_01[0.7247104198166162, 0.7805920744107818, 0.5379416938607876, 0.4740092613891887]
JuPt03_01[1.2537520485207345, 0.7033467324374186, 0.7302996787145699, 0.7551985893573983]
JuPt03_02[1.2070903516288027, 0.908504023885722, 0.6834359802396306, 0.4943281736334343]
JuPt03_03[0.589530250993752, 0.763983785399203, 0.37820556697855395, 0.5121098791180249]
JuPt03_04[0.6068777353751327, 0.7851834036714301, 0.42222393466925884, 0.5258532656812758]
JuPt03_05[0.5954449170618714, 0.7939554583885227, 0.4119284722579383, 0.5299202277925941]
JuPt03_06[1.3628641933547057, 0.5318250659474828, 0.6509864071404876, 0.4757515110258204]
JuPt03_07[0.6145407816329556, 0.7935338436111247, 0.47804498580310995, 0.5429330483996309]
JuPt04_01[0.7097521563556876, 0.7477631218385578, 0.5603488417536658, 0.39656265541753327]
JuPt05_01[0.5993912602642298, 0.7868710127465712, 0.3511575510281805, 0.574797494088595]
JuPt06_01[0.5249323399878075, 0.7686516337732436, 0.5400028738820177, 0.5432536863783007]
JuPt06_02[0.5817282848238193, 0.7524033918942593, 0.4984512949910734, 0.506241740780238]
JuPt06_03[0.8738563344050924, 0.8755499531953014, 0.788568659354928, 0.805010067013056]
JuPt06_04[0.8055684289571294, 0.8815060370009292, 0.7168778662969432, 0.7889417176922958]
JuPt06_05[1.177304821723813, 0.8778580451721311, 0.8783279252940026, 0.8889457155999116]
JuPt06_06[0.5882639854845695, 0.7720686703125763, 0.5504106355959596, 0.5593235062811664]
JuPt06_07[0.5834075682878263, 0.7529289415080699, 0.5120668178872934, 0.5196958080914895]
JuPt07_01[0.7345793044642207, 0.8567981877433423, 1.1464626117127663, 1.3673189067601803]
JuPt08_01[0.8112367924269744, 0.83892194917421, 0.9904312034542716, 1.2269630280523074]
JuPt09_01[0.7040025123470718, 0.760040745581994, 0.46455061873587733, 0.4392338000438899]
JuPt09_02[0.7243276719277117, 0.7961402616180443, 0.5346330224139221, 0.49836359473628744]
JuPt09_03[0.706963196675644, 0.7786925995850312, 0.5128333106296366, 0.49053678835625364]
JuPt09_04[0.7308749205077252, 0.7649468414267955, 0.49568682006117865, 0.4631333733125667]
JuPt09_05[0.7422816584831791, 0.8104500245190815, 0.5432834562004186, 0.5171475194761481]
JuPt10_01[0.7578014313559374, 0.7973952957742948, 0.586045083024026, 0.6038366885426509]
JuPt10_02[0.7006586753043056, 0.7659809242003868, 0.5627044241372432, 0.5778144656966918]
JuPt10_03[0.7551413085193551, 0.806035895645079, 0.5610767880911648, 0.5776159865929517]
JuPt10_04[0.7446594831961441, 0.7982390300071786, 0.5686637823579924, 0.6029263788169718]
JuPt10_05[0.7594531071956141, 0.8202950718208603, 0.5876981180964069, 0.6156532447040004]
JuPt10_06[0.7484099944891115, 0.8052057148481213, 0.5686303206464536, 0.6121127077567934]
JuPt10_07[0.7622456419383636, 0.8239970784211981, 0.6014748322594631, 0.6392495780994818]
JuPt11_01[0.8706551788371649, 0.9269357401760019, 1.3453699182704193, 1.4612999435085823]
JuPt11_02[0.5346256637576041, 0.7082026115399144, 0.39167188332057556, 0.49783137015684303]
JuPt11_03[0.5714236083243003, 0.7445891829922124, 0.4381032568972978, 0.5067897857837712]
JuPt11_04[0.609325962118662, 0.7581779461135186, 0.46541207963549364, 0.5128719589750298]
JuPt11_05[0.5897760038382122, 0.7349799279369499, 0.4432659250516769, 0.4934795073544804]
JuPt11_06[0.600324181081082, 0.7768394560542676, 0.4751952528414306, 0.5277969949817757]
JuPt11_07[0.6141944219905218, 0.7633798490967929, 0.4797596189711163, 0.5196823906132131]
JuPt12_01[0.7021187713127247, 0.7556586813521098, 0.5599410297117429, 0.5310243347183345]
JuPt13_01[0.6135426972763426, 0.6945265085156764, 0.49006828813393283, 0.4183082601844476]
JuPt14_01[0.6887487724573399, 0.7853581670715465, 0.538683393774846, 0.5094166474178774]
JuPt15_01[0.688869824149235, 0.7478076265610392, 0.5548098429302053, 0.5009929789416263]
JuPt15_02[0.9762026871104457, 0.9837782497640158, 0.9633460754417903, 0.9544057891728138]
JuPt15_03[0.7069962521100375, 0.7864922609694437, 0.5806474153710177, 0.49994943973523154]
JuPt15_04[0.7178984074709502, 0.7687580298389384, 0.5685731260855885, 0.5210707805396889]
JuPt15_05[0.7402402232972721, 0.791070959309236, 0.5934455417919778, 0.5576392640649538]
JuPt15_06[0.7025565461236479, 0.7244309366536721, 0.5269168921896373, 0.4567400300086482]
JuPt15_07[0.690316974844111, 0.6903032516513942, 0.5211322529912185, 0.4528101064908764]
JuPt16_01[0.6478329890211966, 0.7179341641338927, 0.6021341925992464, 0.5000723386028785]
JuPt17_01[0.7391168649163028, 0.7332218879341452, 0.5529825377909362, 0.3856223029895082]
JuPt18_01[0.6333909330471397, 0.6861640485920272, 0.5247294039087298, 0.37391575608575106]
JuPt19_01[0.753816591837612, 0.7466888458605466, 0.5726492285596476, 0.4722026152120935]
JuPt20_01[0.7212524506625427, 0.7690328398135187, 0.4226700260548852, 0.4950829612068827]
JuPt20_02[0.7490246373148425, 0.7919251953151288, 0.48812936110877314, 0.48828545526547557]
JuPt20_03[0.7537421644198264, 0.7834941499253185, 0.4694521755641599, 0.4850720312035875]
JuPt20_04[0.71827016058118, 0.757362812419329, 0.44100306953268825, 0.5038739730840226]
JuPt20_05[0.6976527634096359, 0.756594811441214, 0.412931790316605, 0.46502354367957377]
JuPt20_06[0.9974275234608746, 0.9026506610597739, 0.7939501142394544, 0.7614173689409522]
JuPt20_07[0.737797464113974, 0.7961480288530941, 0.47484760474030707, 0.4782996715141915]
JuPt21_01[0.5634825030316486, 0.7317101595913406, 0.49831623817843396, 0.30143656680946873]
JuPt21_02[0.5348082133610642, 0.7228064847274519, 0.496651523498625, 0.30017665798666315]
JuPt21_03[0.49869913729966964, 0.6973605176790925, 0.4128199174571446, 0.27168697189206514]
JuPt21_04[0.440673471836413, 0.7048814962037209, 0.40983406321483673, 0.24148201836268887]
JuPt21_05[0.5029868225949863, 0.7189824264668687, 0.4751572011137181, 0.35773187976156595]
JuPt21_06[0.5043699978561439, 0.7163152200841494, 0.461618714055825, 0.2603926397524211]
JuPt21_07[0.524414543957439, 0.6776983466581633, 0.4180041049747062, 0.262018655646353]
JuPt22_01[0.761283496535604, 0.8046705478493957, 0.5232214580814608, 0.5525096905945551]
JuPt23_01[0.7712643854378792, 0.7858610580669809, 0.5882989753564799, 0.5961419706799426]
JuPt23_02[0.9771328267373722, 0.944604063724154, 0.896952991926986, 0.8773283937872368]
JuPt23_03[0.7623454994220062, 0.7782236765487989, 0.4993953551958007, 0.5232995590122936]
JuPt23_04[0.7831759099598945, 0.8064863711525886, 0.5240024166071908, 0.5456509460875185]
JuPt23_05[0.7834931499827263, 0.8183270748365232, 0.5079244793452596, 0.5628949713214737]
JuPt23_06[0.7910821677428352, 0.8364508589575355, 0.5388415333991122, 0.6004321110292481]
JuPt23_07[0.8150296674645666, 0.8484866616645866, 0.5281172628307381, 0.58309828380923]
JuPt24_01[0.6577574587446471, 0.8163775471596364, 0.5657703946556686, 0.568214287000387]
JuPt24_02[0.7144092640546869, 0.7945035570615502, 0.4535584313637514, 0.4752618632365561]
JuPt25_01[0.6190546946223823, 0.7701516876242538, 0.431189877027912, 0.5799843611588208]
JuPt26_01[0.7724749005477034, 0.7890479806767836, 0.6774666145308177, 0.6085515088367661]
JuPt26_03[0.7022332562562492, 0.7480240798169074, 0.5753420756861217, 0.59461811901607]
JuPt26_04[0.6989598279742677, 0.7569569359440158, 0.586691761421523, 0.5952176989744485]
JuPt26_05[0.7211673700374691, 0.7854488601098059, 0.5983744209668816, 0.6013337524442772]
JuPt26_06[0.6952913254825849, 0.7946353322310431, 0.5915373675135611, 0.6005547737640982]
JuPt26_07[0.7172409221699942, 0.7873752353261316, 0.5738904426578515, 0.6028964908128724]
JuPt27_01[0.6995314291416524, 0.7436058042901025, 0.633860995783278, 0.5217751483134583]
JuPt28_01[0.6613523665112683, 0.8067503282333789, 0.4254368072502909, 0.6390027944852102]
JuPt28_02[0.6701019685084808, 0.8095252690229716, 0.45642330092268485, 0.6582422193301408]
JuPt28_03[0.6910333030477945, 0.8316151866090717, 0.4275015697576755, 0.6533066541565125]
JuPt28_04[0.6602986772841117, 0.8062560140955822, 0.37970567516064374, 0.6312235489713067]
JuPt28_05[0.6617694501381712, 0.8130139985758742, 0.4184618324284248, 0.6509200140130539]
JuPt28_06[0.6694479496274776, 0.8190096314206801, 0.4424365429916445, 0.6655068653119868]
JuPt28_07[0.6670387355170282, 0.8361945343777586, 0.47113327165805896, 0.6516894168525356]
SiCo01_01[0.6250682270963431, 0.7916992520745677, 0.4713465669744395, 0.5584865389536425]
SiCo03_01[0.6369978676416947, 0.8005305567102502, 0.5287643392414695, 0.4872577314669117]
SiCo04_01[0.6953531840032464, 0.8137925759749185, 0.5831619968642406, 0.6014992843634687]
SiCo05_01[0.6483849170787687, 0.7806339237481563, 0.5708456274057025, 0.5649053712765729]
SiCo06_01[0.6988578397881139, 0.7771172180906453, 0.4267047784489834, 0.5891407303105899]
SiCo07_01[0.7652346667637121, 0.8580491058149579, 0.5653017636488876, 0.6779226456326456]
SiCo08_01[0.882571394069644, 0.9609260604164268, 1.4600251176706314, 1.5166519608740965]
SiCo09_01[0.6914357098251864, 0.8131731870688155, 0.6425986083423518, 0.6360090717145209]
SiCo10_01[0.8615676389590106, 0.86287932584719, 0.8472477925457691, 0.8660107040441174]
SiCo11_01[0.7774868623994962, 0.8535382105253556, 0.4845614157733306, 0.6246103414858923]
SiCo12_01[0.7686505466521656, 0.814297959267575, 0.6219110786161238, 0.5685627448701867]
SiCo13_01[0.7157662876213919, 0.8370978156769568, 0.6046873889719808, 0.632954447828198]
SiCo14_01[0.6704719734993446, 0.8010915854357947, 0.5133218723951515, 0.6033034265458508]
SiCo15_01[0.7672577534466761, 0.8302786740282515, 0.43554155588575694, 0.5857360708186745]
SiCo16_01[0.6817175529890797, 0.7554300627374473, 0.5377454167851367, 0.4838572787893021]
SiCo17_01[0.7556785896560682, 0.8048621360794702, 0.5305385194573792, 0.5874012518095749]
SiCo18_01[0.8758586978921636, 0.8885235587721162, 0.5732239671191728, 0.6791695437901993]
SiCo19_01[0.7605257228951293, 0.8346876120362394, 0.6156722118010723, 0.6640994307961027]
SiCo20_01[0.7574947637478676, 0.8007605630233826, 0.6071595729384947, 0.6161399002594852]
SiCo21_01[0.8079972963858508, 0.86274998307482, 0.497045375406149, 0.6757553980364368]
SiCo22_01[0.7908531238186232, 0.8285008152456809, 0.5303791652696546, 0.5893989766243181]
SiCo23_01[0.6916708061948388, 0.8194080730831611, 0.5214589384831747, 0.5591349508105348]
SiCo24_01[0.6804423706037706, 0.789914603321516, 0.5596635491272829, 0.5912581009877973]
SiCo25_01[0.7036688628851588, 0.7878378458634431, 0.48823458783702467, 0.5746013057928024]
SiCo26_01[0.6431261647996036, 0.7490028521502704, 0.48449042592428954, 0.5216430156533874]
SiCo27_01[0.6352728948645743, 0.7711822112877684, 0.5188090657875557, 0.542672357300544]
SiCo28_01[0.6912462677040476, 0.7459980129250329, 0.5584969040455258, 0.4306532570333281]
SiCo29_01[0.757435169173639, 0.8465528225150484, 0.47144616677398565, 0.6083525819091442]
SiCo30_01[0.7689850634956533, 0.8498089800792158, 0.49916299692012894, 0.625075293945429]
SiPt02_01[1.1036527540573293, 1.2181580596186106, 0.8146570221818349, 0.9805581209211178]
SiPt04_01[0.7719678277653546, 0.8419352330236505, 0.5853189146751816, 0.6654793898975632]
SiPt05_01[0.9179660134827562, 0.6257339510460375, 0.7017630341892069, 0.7096006829431649]
SiPt07_01[0.5228051331077938, 0.7809252644230863, 0.48062014072332776, 0.5981551227418114]
SiPt08_01[0.8790537634056766, 0.9662497834516325, 1.081611703932178, 1.4259020909072389]
SiPt09_01[0.8193289872431936, 0.857962481755263, 0.5490032414804017, 0.6717538224009505]
SiPt10_01[0.7342738530729852, 0.7776017183354187, 0.5480074817138146, 0.5125941648032147]
SiPt12_01[0.7390032945020555, 0.7915681932083962, 0.6035474224256437, 0.5677220891566115]
SiPt13_01[0.7127612824236723, 0.8149861099636193, 0.5114778780700059, 0.6017929268177046]
SiPt14_01[0.7518992459157249, 0.8063597755902698, 0.5612162839587451, 0.590215469096631]
SiPt15_01[0.8772252749573044, 0.8653155640581877, 0.8258551601459776, 0.9321282234024821]
SiPt16_01[0.7128116672240341, 0.7699408192921712, 0.5558418860909656, 0.5159169557477382]
SiPt17_01[0.7409043402953991, 0.8380517503071805, 0.5365002575758634, 0.6815091873423857]
SiPt18_01[0.8561170640894338, 0.8640794356289367, 0.7484071532058808, 0.8056249991078076]
SiPt19_01[0.9280707400253302, 0.880050551327854, 0.8179936231151054, 0.6950286139395007]
SiPt20_01[0.9796783218025834, 1.2806293167184635, 1.261605592315409, 0.7985021556367476]
SiPt21_01[0.751693264548067, 0.8064600805379075, 0.5201278735704327, 0.574535252910895]
SiPt22_01[0.9119173951263447, 0.8589255104831419, 0.8273887401872017, 0.7946464838953904]
SiPt23_01[0.785217328091295, 0.7974034973901831, 0.6572444455517915, 0.5453617009952682]
SiPt24_01[0.8101109085434961, 0.8109565022116199, 0.6710490344239404, 0.5890571104290966]
SiPt25_01[0.9264541868680822, 0.8447798308496022, 0.712166907911075, 0.6531522166806623]
SiPt27_01[0.7641442696253389, 0.7980114514699991, 0.524974255839002, 0.5008573565969724]
SiPt28_01[0.7464475466966781, 0.8365584877684075, 0.47736145201786634, 0.6164371032791393]
SiPt29_01[0.6907669892280657, 0.7184356059128365, 0.5292198004686449, 0.45724258823100244]
SiPt30_01[0.7560734767802927, 0.8426206645475187, 0.4685828790775857, 0.6300163365300181]
SiPt31_01[0.7261737188723231, 0.7206913970864378, 0.6250824154470562, 0.3993077950705929]
SiPt32_01[0.7018699646738991, 0.7458123613686154, 0.544836025334882, 0.5437267092259838]
SiPt33_01[0.728463800449606, 0.7969759785132824, 0.6243767615463095, 0.6506531106418469]
SiPt34_01[0.7909772355825031, 0.8383015976520225, 0.592218685103801, 0.5910848021332346]
SiPt35_01[0.7053579907817654, 0.8089316873930633, 0.5425800687032313, 0.6215267162490954]
SiPt36_01[0.7468241616127743, 0.759069538650815, 0.5750995675909603, 0.5067118121691045]
SiPt37_01[0.7082473370851001, 0.7294306920623562, 0.49616823790317016, 0.540750088637319]
SiPt38_01[0.7424386324603175, 0.8038993936809783, 0.5056362927931497, 0.560915615489343]
SiPt39_01[0.7326422784477649, 0.7980083845125199, 0.6326637031565863, 0.5402959120500112]
SiPt40_01[0.7194369814027792, 0.7888072181301473, 0.4490697040442718, 0.5195473454135456]
